30 30 0 899
0 30
1 2
2 3
3 33
4 34
4 5
5 35
5 6
7 37
7 8
8 9
9 10
10 40
11 41
11 12
12 42
12 13
14 44
14 15
15 16
16 17
17 18
18 19
19 49
19 20
20 50
20 21
21 22
22 23
23 53
24 54
24 25
25 26
26 27
27 28
28 29
29 59
30 31
31 32
32 62
33 63
33 34
35 65
36 66
36 37
37 38
38 39
40 70
41 71
42 43
43 73
44 74
45 75
46 76
46 47
47 48
48 78
50 51
51 81
52 82
53 83
54 55
55 56
56 86
57 87
58 88
58 59
60 90
60 61
61 62
63 64
64 94
65 66
67 97
67 68
68 69
69 99
69 70
71 101
72 102
73 74
75 105
76 106
77 107
78 79
79 109
80 110
80 81
81 111
82 83
83 84
85 115
85 86
86 87
88 89
89 119
90 120
91 121
91 92
92 93
93 123
94 95
95 125
96 126
97 127
98 99
99 129
100 130
100 101
102 103
103 104
104 105
105 135
106 136
107 108
108 109
109 110
112 142
112 113
113 114
114 115
116 146
116 117
117 118
118 148
119 149
120 121
122 152
123 153
124 125
125 126
127 128
128 158
129 159
130 131
131 132
132 162
133 163
133 134
134 135
136 166
137 167
137 138
138 168
139 169
139 140
140 141
141 171
142 172
143 173
144 174
144 145
145 175
146 147
147 177
148 149
149 179
150 180
150 151
151 152
152 153
154 184
154 155
155 156
156 186
157 187
157 158
159 160
160 161
162 192
163 193
164 194
164 165
165 195
166 167
168 169
169 170
170 200
171 172
172 173
174 204
175 205
176 206
176 177
178 208
179 209
180 181
181 182
182 183
183 213
184 214
185 186
186 187
188 218
188 189
189 190
190 191
191 221
192 222
193 194
195 225
195 196
197 227
197 198
198 228
199 229
200 230
200 201
202 232
202 203
203 233
204 234
205 206
207 237
208 238
208 209
210 240
210 211
212 242
212 213
214 215
215 216
216 217
217 247
218 248
218 219
220 250
220 221
222 223
223 224
224 254
225 255
226 256
226 227
228 258
229 230
231 261
231 232
233 263
234 235
235 236
236 266
237 238
238 239
239 269
240 241
241 271
242 243
243 244
244 245
245 246
246 276
247 277
247 248
249 279
249 250
251 281
251 252
252 282
252 253
254 255
255 285
256 286
257 287
257 258
259 289
259 260
260 261
262 292
263 264
264 265
265 295
266 267
267 297
267 268
268 298
270 300
270 271
271 272
272 273
273 274
274 304
275 305
275 276
277 307
278 308
279 309
280 310
280 281
282 312
283 313
283 284
284 314
285 315
286 316
287 288
288 289
290 320
290 291
291 321
291 292
292 322
293 323
293 294
294 324
295 296
296 326
297 327
298 299
299 329
300 330
300 301
301 302
302 332
303 333
303 304
305 306
306 336
307 308
308 338
309 310
311 341
311 312
313 343
314 315
316 346
317 347
317 318
318 319
320 350
321 351
322 323
324 325
326 356
327 357
328 358
328 329
331 361
331 332
333 363
334 364
334 335
335 365
336 337
337 367
338 368
339 340
340 370
341 342
342 343
344 374
344 345
346 376
347 377
347 348
348 349
349 350
351 381
352 382
352 353
353 354
354 355
355 385
356 386
358 359
359 389
360 390
360 361
362 363
363 364
365 395
365 366
367 397
368 369
369 370
370 400
371 401
371 372
372 373
373 403
374 404
375 405
375 376
378 408
378 379
379 380
380 410
381 411
381 382
383 413
383 384
385 415
386 416
387 417
387 388
388 418
389 419
390 420
391 421
391 392
392 422
393 394
394 424
394 395
396 426
396 397
398 399
399 429
400 401
402 432
403 404
404 434
405 435
406 436
406 407
407 408
409 439
410 440
411 412
412 413
413 443
414 444
414 415
416 417
418 419
419 449
420 450
421 451
422 423
423 453
425 455
425 426
427 457
427 428
428 458
429 459
429 430
431 461
431 432
432 462
432 433
434 464
435 465
436 466
437 438
438 468
438 439
439 469
440 470
441 442
442 472
442 443
444 445
445 475
445 446
446 447
448 478
448 449
450 480
451 452
452 482
453 454
454 455
456 486
456 457
458 488
459 460
460 461
462 463
463 493
464 494
465 495
466 467
467 468
469 499
470 471
471 501
472 473
473 503
473 474
475 476
476 506
477 507
477 478
479 509
480 510
480 481
481 511
482 512
483 513
483 484
484 485
485 486
487 488
488 489
489 490
490 520
491 521
491 492
492 522
493 494
494 524
495 496
496 497
497 527
497 498
499 529
500 530
501 531
502 503
504 534
504 505
505 506
507 537
508 538
508 509
509 539
510 540
511 541
512 542
513 543
514 544
514 515
515 516
516 517
517 518
518 548
519 549
520 521
522 523
523 553
524 554
525 555
525 526
526 556
527 528
528 558
529 559
530 560
531 532
532 533
533 563
534 564
535 565
535 536
536 537
539 569
540 570
541 571
542 572
543 573
544 574
545 575
545 546
546 547
547 577
548 578
549 579
550 580
550 551
551 581
552 582
552 553
554 555
556 557
557 587
558 559
560 590
560 561
561 562
562 592
563 593
564 565
565 566
566 567
567 568
568 569
569 599
570 600
572 602
573 603
574 604
575 576
576 606
577 607
578 608
579 580
580 610
581 611
582 583
583 584
584 585
585 586
586 616
587 588
588 589
589 590
591 592
593 594
594 624
595 596
596 597
597 627
597 598
598 599
600 630
601 631
601 602
603 604
604 605
605 606
606 636
608 609
609 639
610 640
611 612
612 613
613 614
614 615
615 645
616 617
617 618
618 619
619 620
620 650
621 651
621 622
622 623
623 624
625 655
625 626
626 656
627 628
628 629
630 660
631 632
632 662
633 663
633 634
634 635
635 665
637 667
637 638
638 668
639 669
640 670
641 671
641 642
642 643
643 644
644 645
645 675
646 676
647 677
647 648
648 649
649 650
651 652
652 653
653 654
654 655
655 685
656 657
657 658
658 659
659 689
660 661
661 691
662 692
663 693
664 665
665 666
666 667
668 698
669 699
671 701
671 672
672 673
673 703
674 675
675 705
676 706
677 678
678 708
679 680
680 710
680 681
681 682
682 683
683 684
684 714
685 686
686 716
687 688
688 718
689 719
690 720
690 691
691 721
692 722
693 694
694 724
694 695
695 725
696 697
697 727
697 698
699 700
700 730
701 731
702 732
703 704
704 734
705 706
706 736
706 707
708 738
709 739
709 710
710 740
711 712
712 713
713 743
714 744
715 716
716 717
717 747
717 718
719 749
720 750
721 751
722 723
723 753
725 726
726 756
727 728
728 729
729 730
731 732
732 733
733 763
734 764
735 736
737 767
737 738
739 769
740 770
741 771
741 742
742 772
743 773
744 745
745 746
746 776
748 778
748 749
749 779
750 780
751 781
752 782
753 783
754 784
754 755
755 756
757 787
757 758
758 759
759 760
760 761
761 791
762 763
763 793
764 765
765 766
766 767
768 798
768 769
771 801
772 802
773 803
773 774
774 775
775 805
776 806
777 807
777 778
779 809
780 810
781 782
783 813
784 785
785 786
786 816
786 787
787 788
788 789
789 790
790 820
791 792
792 822
793 794
794 824
795 825
795 796
796 797
797 798
798 799
799 800
800 801
802 832
803 833
804 834
805 835
806 836
807 837
807 808
808 838
810 840
810 811
811 812
812 842
813 814
814 815
815 845
816 846
817 847
818 848
818 819
819 849
820 821
822 823
823 853
824 854
825 826
826 827
827 828
828 829
830 860
830 831
831 861
832 862
833 834
835 865
836 866
838 839
839 869
840 870
841 871
842 843
843 873
843 844
845 875
846 847
848 878
849 879
850 880
850 851
851 852
852 882
853 883
854 855
855 885
856 886
856 857
857 887
858 888
858 859
859 889
860 890
861 862
863 893
863 864
864 865
866 867
867 868
868 869
869 899
870 871
871 872
873 874
874 875
875 876
876 877
877 878
879 880
881 882
882 883
884 885
885 886
887 888
889 890
891 892
892 893
893 894
894 895
895 896
896 897
897 898
898 899
